Filename                           Electrostatics        Exchange      Dispersion    Polarization  ChargeTransfer     ALMO/TZVPPD
001_Li-F_0.80                         -239.494527      141.871726       -5.764364      -31.397873      -18.947132     -153.732170
001_Li-F_0.90                         -218.578107       77.331620       -3.603442      -19.831047      -13.337620     -178.018595
001_Li-F_0.95                         -209.201912       57.842424       -2.890081      -16.668762      -11.187428     -182.105784
001_Li-F_1.00                         -200.464269       43.625598       -2.344312      -14.522323       -9.348327     -183.053633
001_Li-F_1.05                         -192.306979       33.160707       -1.921033      -13.047490       -7.789842     -181.904637
001_Li-F_1.10                         -184.680593       25.388217       -1.591778      -11.992949       -6.491993     -179.369097
001_Li-F_1.20                         -170.860253       15.169264       -1.121128      -10.556549       -4.583724     -171.952414
001_Li-F_1.30                         -158.728705        9.266659       -0.810325       -9.472371       -3.412691     -163.157433
001_Li-F_1.40                         -148.054278        5.773757       -0.593834       -8.460731       -2.771845     -154.106883
001_Li-F_1.50                         -138.629422        3.666228       -0.437930       -7.448446       -2.485827     -145.335397
001_Li-F_2.00                         -104.684345        0.482983       -0.094336       -3.256286       -2.561974     -110.113958
002_Li-Cl_0.80                        -179.242519      111.039388       -6.465272      -31.387094      -17.109919     -123.165440
002_Li-Cl_0.90                        -167.577892       58.616850       -4.097610      -23.054995      -11.588098     -147.701745
002_Li-Cl_0.95                        -161.463265       42.906573       -3.287596      -20.440774       -9.713432     -151.998518
002_Li-Cl_1.00                        -155.421678       31.570507       -2.652199      -18.511831       -8.178059     -153.193236
002_Li-Cl_1.05                        -149.551219       23.346630       -2.153896      -17.043738       -6.907170     -152.309417
002_Li-Cl_1.10                        -143.908843       17.346248       -1.756238      -15.877486       -5.859273     -150.055593
002_Li-Cl_1.20                        -133.417185        9.696176       -1.182768      -13.990225       -4.346200     -143.240201
002_Li-Cl_1.30                        -124.028705        5.501004       -0.801028      -12.302438       -3.490607     -135.121773
002_Li-Cl_1.40                        -115.694288        3.168332       -0.541420      -10.645554       -3.116157     -126.829087
002_Li-Cl_1.50                        -108.308795        1.858365       -0.362476       -9.033437       -3.018666     -118.864986
002_Li-Cl_2.00                         -81.710970        0.187882       -0.052438       -3.356310       -2.629995      -87.561831
003_Li-Br_0.80                        -164.429541      104.174235       -6.368881      -31.669503      -16.283317     -114.577008
003_Li-Br_0.90                        -155.439221       54.912620       -4.069598      -24.680975      -10.495172     -139.772299
003_Li-Br_0.95                        -150.206692       40.080641       -3.269933      -22.269168       -8.688193     -144.353346
003_Li-Br_1.00                        -144.870124       29.370937       -2.639293      -20.327677       -7.319431     -145.785612
003_Li-Br_1.05                        -139.584799       21.610684       -2.137404      -18.733031       -6.259584     -145.104135
003_Li-Br_1.10                        -134.443595       15.965010       -1.739914      -17.381334       -5.428131     -143.027964
003_Li-Br_1.20                        -124.781286        8.812428       -1.157600      -15.136066       -4.268212     -136.530712
003_Li-Br_1.30                        -116.060206        4.930067       -0.770746      -13.195053       -3.612452     -128.708389
003_Li-Br_1.40                        -108.277844        2.791276       -0.511902      -11.383270       -3.304661     -120.686401
003_Li-Br_1.50                        -101.360373        1.600215       -0.337094       -9.667591       -3.198255     -112.963098
003_Li-Br_2.00                         -76.416109        0.134345       -0.042949       -3.590010       -2.759775      -82.674474
004_Na-F_0.80                         -241.940607      149.049259       -5.567113      -13.386042       -5.273614     -117.118117
004_Na-F_0.90                         -203.159202       72.313241       -3.443666      -10.303322       -3.004350     -147.597299
004_Na-F_0.95                         -189.127629       51.196343       -2.777988       -9.426386       -2.384967     -152.520602
004_Na-F_1.00                         -177.385158       36.611090       -2.278083       -8.777151       -1.944359     -153.773662
004_Na-F_1.05                         -167.360229       26.427032       -1.882863       -8.259656       -1.632792     -152.708509
004_Na-F_1.10                         -158.659489       19.245339       -1.574163       -7.800359       -1.421391     -150.210038
004_Na-F_1.20                         -144.188313       10.470411       -1.116922       -6.939723       -1.242543     -143.017089
004_Na-F_1.30                         -132.502844        5.890918       -0.802079       -6.066754       -1.301386     -134.782170
004_Na-F_1.40                         -122.756310        3.424928       -0.579661       -5.182863       -1.482266     -126.576171
004_Na-F_1.50                         -114.432505        2.051338       -0.419694       -4.332146       -1.682935     -118.815942
004_Na-F_2.00                          -85.643499        0.185923       -0.088838       -1.547371       -1.834799      -88.928609
005_Na-Cl_0.80                        -195.550502      125.750932       -7.254446      -17.262046       -4.626840      -98.942902
005_Na-Cl_0.90                        -164.687763       59.697084       -4.549546      -14.323996       -2.927605     -126.791802
005_Na-Cl_0.95                        -153.507457       41.566539       -3.640129      -13.324833       -2.473662     -131.379541
005_Na-Cl_1.00                        -144.133748       29.130784       -2.934728      -12.487046       -2.143571     -132.568332
005_Na-Cl_1.05                        -136.111544       20.536114       -2.375239      -11.738719       -1.916563     -131.605951
005_Na-Cl_1.10                        -129.131166       14.555664       -1.934823      -11.022729       -1.783031     -129.316085
005_Na-Cl_1.20                        -117.484943        7.428059       -1.290344       -9.608819       -1.742878     -122.698924
005_Na-Cl_1.30                        -108.055043        3.881190       -0.864030       -8.178442       -1.880641     -115.096965
005_Na-Cl_1.40                        -100.178513        2.090989       -0.578059       -6.787906       -2.054111     -107.507576
005_Na-Cl_1.50                         -93.444790        1.170435       -0.387572       -5.513910       -2.169144     -100.344957
005_Na-Cl_2.00                         -70.065129        0.101076       -0.061090       -1.807672       -1.566133      -73.398948
006_Na-Br_0.80                        -183.492208      118.722204       -7.327653      -18.597228       -4.168069      -94.862954
006_Na-Br_0.90                        -154.865129       56.265942       -4.632337      -15.837046       -2.642495     -121.711066
006_Na-Br_0.95                        -144.446200       39.074880       -3.708939      -14.788098       -2.261759     -126.130139
006_Na-Br_1.00                        -135.705402       27.296534       -2.979995      -13.855115       -2.032481     -127.276458
006_Na-Br_1.05                        -128.218619       19.175215       -2.407146      -12.980234       -1.919001     -126.349809
006_Na-Br_1.10                        -121.693475       13.539340       -1.945674      -12.149187       -1.883365     -124.132361
006_Na-Br_1.20                        -110.768260        6.842949       -1.282744      -10.529804       -1.940894     -117.678728
006_Na-Br_1.30                        -101.882337        3.518403       -0.846534       -8.950550       -2.070698     -110.231740
006_Na-Br_1.40                         -94.443475        1.845172       -0.555664       -7.445196       -2.204756     -102.803944
006_Na-Br_1.50                         -88.082863        0.993427       -0.363862       -6.065918       -2.293810      -95.813026
006_Na-Br_2.00                         -66.043284        0.072825       -0.051004       -1.973207       -1.707457      -69.702103
007_K-F_0.80                          -268.485707      240.129374       -9.950167      -26.106453      -28.752557      -93.165511
007_K-F_0.90                          -206.428370      113.384680       -5.751004      -15.432098      -13.060014     -127.286783
007_K-F_0.95                          -186.213145       78.678752       -4.444766      -12.707385       -9.045531     -133.732051
007_K-F_1.00                          -170.450669       54.999785       -3.478728      -10.798590       -6.413313     -136.141515
007_K-F_1.05                          -157.877892       38.758437       -2.755856       -9.402653       -4.667663     -135.945626
007_K-F_1.10                          -147.621009       27.552796       -2.209297       -8.314890       -3.498351     -134.090774
007_K-F_1.20                          -131.790488       14.322562       -1.455856       -6.706286       -2.164388     -127.794479
007_K-F_1.30                          -119.919622        7.735468       -0.987285       -5.500526       -1.532481     -120.204422
007_K-F_1.40                          -110.463552        4.322777       -0.684751       -4.512476       -1.234465     -112.572443
007_K-F_1.50                          -102.611305        2.477271       -0.487882       -3.679207       -1.099355     -105.400502
007_K-F_2.00                           -76.383939        0.155975       -0.117137       -1.279661       -0.841228      -78.465989
008_K-Cl_0.80                         -219.134536      201.556023      -12.754876      -18.667686      -20.675693      -69.676769
008_K-Cl_0.90                         -167.518093       91.827247       -7.666611      -12.917017       -9.417208     -105.691659
008_K-Cl_0.95                         -151.105282       62.416491       -5.984728      -11.375215       -6.578752     -112.627462
008_K-Cl_1.00                         -138.442017       42.646391       -4.702103      -10.248733       -4.703705     -115.450191
008_K-Cl_1.05                         -128.412070       29.301840       -3.713074       -9.368021       -3.453872     -115.645172
008_K-Cl_1.10                         -120.262978       20.256573       -2.949092       -8.614077       -2.620339     -114.189914
008_K-Cl_1.20                         -107.710875        9.888217       -1.882839       -7.295698       -1.702032     -108.703250
008_K-Cl_1.30                          -98.284202        4.992232       -1.217208       -6.096678       -1.318164     -101.923996
008_K-Cl_1.40                          -90.741946        2.620722       -0.800191       -4.996845       -1.169718      -95.088002
008_K-Cl_1.50                          -84.442352        1.432075       -0.532051       -4.027271       -1.101960      -88.671582
008_K-Cl_2.00                          -63.076195        0.093834       -0.090201       -1.315488       -0.588121      -64.976147
009_K-Br_0.80                         -206.551960      188.775813      -12.578991      -18.376171      -17.097514      -65.828848
009_K-Br_0.90                         -157.701530       85.426386       -7.643810      -13.359034       -7.920698     -101.198733
009_K-Br_0.95                         -142.302390       57.884967       -5.982481      -11.864125       -5.648112     -107.912165
009_K-Br_1.00                         -130.450096       39.426195       -4.701793      -10.738504       -4.139316     -110.603513
009_K-Br_1.05                         -121.062165       26.991348       -3.707672       -9.829708       -3.116491     -110.724689
009_K-Br_1.10                         -113.421439       18.571295       -2.935062       -9.053657       -2.416037     -109.254900
009_K-Br_1.20                         -101.612476        8.927127       -1.856405       -7.690655       -1.618308     -103.850717
009_K-Br_1.30                          -92.718977        4.390272       -1.188265       -6.454661       -1.276052      -97.247658
009_K-Br_1.40                          -85.604207        2.220602       -0.769288       -5.321463       -1.147060      -90.621415
009_K-Br_1.50                          -79.669957        1.161759       -0.506142       -4.306716       -1.094742      -84.415798
009_K-Br_2.00                          -59.559465        0.069814       -0.078059       -1.396821       -0.602271      -61.566778
010_Li-Water_0.80                      -47.577510       61.121989       -3.449522      -16.121248      -10.274618      -16.300908
010_Li-Water_0.90                      -39.231883       28.524665       -2.017113      -12.652916       -5.885349      -31.262620
010_Li-Water_0.95                      -35.807935       19.559728       -1.560636      -11.575143       -4.440774      -33.824737
010_Li-Water_1.00                      -32.788815       13.444407       -1.214221      -10.672443       -3.353681      -34.584775
010_Li-Water_1.05                      -30.115750        9.261090       -0.951243       -9.847753       -2.546391      -34.200072
010_Li-Water_1.10                      -27.740081        6.391467       -0.746367       -9.067065       -1.953824      -33.115894
010_Li-Water_1.20                      -23.726984        3.058198       -0.463576       -7.572275       -1.210445      -29.915057
010_Li-Water_1.30                      -20.499402        1.471080       -0.289747       -6.191061       -0.813647      -26.322801
010_Li-Water_1.40                      -17.874928        0.712309       -0.181692       -4.976219       -0.587428      -22.907959
010_Li-Water_1.50                      -15.717113        0.348638       -0.114054       -3.959369       -0.443595      -19.885516
010_Li-Water_2.00                       -9.110086        0.013838       -0.013958       -1.308222       -0.109775      -10.528203
011_Na-Water_0.80                      -51.327486       67.146558       -3.860755       -9.024641       -2.813408        0.120268
011_Na-Water_0.90                      -35.568786       27.505593       -2.270148       -7.672777       -1.337548      -19.343690
011_Na-Water_0.95                      -30.661592       17.674474       -1.762954       -7.124283       -0.944527      -22.818881
011_Na-Water_1.00                      -26.902199       11.380306       -1.379756       -6.581740       -0.678633      -24.162022
011_Na-Water_1.05                      -23.939818        7.339030       -1.079469       -6.037667       -0.500048      -24.217973
011_Na-Water_1.10                      -21.545650        4.738862       -0.851243       -5.487859       -0.381764      -23.527653
011_Na-Water_1.20                      -17.900072        1.983533       -0.532553       -4.433485       -0.261759      -21.144336
011_Na-Water_1.30                      -15.231525        0.836998       -0.336950       -3.497658       -0.218953      -18.448112
011_Na-Water_1.40                      -13.173685        0.358628       -0.217041       -2.723972       -0.194742      -15.950813
011_Na-Water_1.50                      -11.529207        0.157672       -0.142280       -2.113599       -0.167830      -13.795244
011_Na-Water_2.00                       -6.622562        0.004326       -0.022514       -0.668977       -0.036974       -7.346726
012_K-Water_0.80                       -56.055712       94.919288       -6.921534       -8.540607       -9.019622       14.381788
012_K-Water_0.90                       -33.522323       37.185325       -3.868905       -6.007290       -3.344168       -9.557337
012_K-Water_0.95                       -27.337452       23.225980       -2.923566       -5.241205       -2.121176      -14.397419
012_K-Water_1.00                       -22.989818       14.492424       -2.223948       -4.618834       -1.392280      -16.732457
012_K-Water_1.05                       -19.838050        9.038217       -1.696104       -4.087835       -0.948542      -17.532337
012_K-Water_1.10                       -17.475072        5.637428       -1.299976       -3.613934       -0.671391      -17.422945
012_K-Water_1.20                       -14.171343        2.201243       -0.773853       -2.805760       -0.371343      -15.921056
012_K-Water_1.30                       -11.930641        0.868953       -0.477247       -2.154732       -0.226506      -13.920148
012_K-Water_1.40                       -10.267519        0.348996       -0.304971       -1.647753       -0.146989      -12.018236
012_K-Water_1.50                        -8.961926        0.143045       -0.204493       -1.265535       -0.099331      -10.388217
012_K-Water_2.00                        -5.123160        0.001721       -0.033915       -0.396152       -0.021343       -5.572873
013_F-Water_0.80                       -96.379732      257.850382      -10.103896      -80.913480      -51.229350       19.223924
013_F-Water_0.90                       -70.711066      117.096391       -6.045937      -33.054087      -31.724259      -24.438934
013_F-Water_0.95                       -57.762094       78.249785       -4.687787      -23.072634      -23.087357      -30.360062
013_F-Water_1.00                       -47.167447       52.193451       -3.655163      -16.979517      -16.455521      -32.064197
013_F-Water_1.05                       -38.849785       34.820722       -2.870100      -12.982075      -11.677964      -31.559226
013_F-Water_1.10                       -32.402175       23.278394       -2.271104      -10.193881       -8.341754      -29.930521
013_F-Water_1.20                       -23.469861       10.529326       -1.455545       -6.645817       -4.425215      -25.467113
013_F-Water_1.30                       -17.851936        4.865750       -0.956931       -4.583198       -2.483389      -21.009704
013_F-Water_1.40                       -14.128800        2.299665       -0.639866       -3.298207       -1.454971      -17.222180
013_F-Water_1.50                       -11.533772        1.106859       -0.432911       -2.449163       -0.870793      -14.179756
013_F-Water_2.00                        -5.459704        0.026864       -0.095100       -0.710492       -0.086329       -6.324761
014_Cl-Water_0.80                      -49.882768      109.417806       -8.378800      -15.982935      -25.271391        9.901936
014_Cl-Water_0.90                      -30.955880       43.854135       -5.112715       -6.863289      -11.952199      -11.029971
014_Cl-Water_0.95                      -24.876458       27.777653       -4.007098       -5.071917       -8.120531      -14.298351
014_Cl-Water_1.00                      -20.387452       17.641611       -3.150669       -3.984632       -5.505210      -15.386353
014_Cl-Water_1.05                      -17.041826       11.251028       -2.485301       -3.255163       -3.746989      -15.278227
014_Cl-Water_1.10                      -14.506692        7.215774       -1.964125       -2.718881       -2.575574      -14.549498
014_Cl-Water_1.20                      -11.004159        3.036448       -1.230712       -1.956955       -1.274904      -12.430258
014_Cl-Water_1.30                       -8.748972        1.330210       -0.773662       -1.435612       -0.679159      -10.307194
014_Cl-Water_1.40                       -7.191444        0.611185       -0.491252       -1.064747       -0.383652       -8.519933
014_Cl-Water_1.50                       -6.051793        0.293786       -0.320029       -0.797514       -0.222275       -7.097825
014_Cl-Water_2.00                       -3.103776        0.009130       -0.057768       -0.228274       -0.011592       -3.392280
015_Br-Water_0.80                      -45.691276      104.657242       -8.498542      -13.674116      -22.564675       14.228633
015_Br-Water_0.90                      -27.941587       41.675717       -5.251816       -5.965774      -10.537380       -8.020841
015_Br-Water_0.95                      -22.365010       26.338217       -4.130545       -4.308580       -7.241133      -11.707027
015_Br-Water_1.00                      -18.268499       16.685636       -3.253537       -3.307505       -4.988767      -13.132672
015_Br-Water_1.05                      -15.231071       10.605330       -2.564938       -2.666730       -3.441324      -13.298709
015_Br-Water_1.10                      -12.943021        6.768547       -2.023948       -2.222514       -2.378513      -12.799450
015_Br-Water_1.20                       -9.807218        2.802629       -1.260277       -1.619718       -1.158078      -11.042639
015_Br-Water_1.30                       -7.802820        1.196750       -0.788695       -1.204661       -0.593499       -9.192902
015_Br-Water_1.40                       -6.422538        0.533246       -0.497825       -0.898948       -0.325598       -7.611687
015_Br-Water_1.50                       -5.413289        0.249689       -0.322443       -0.673996       -0.189077       -6.349116
015_Br-Water_2.00                       -2.793141        0.008509       -0.052199       -0.190129       -0.014866       -3.041802
016_Li-2Water_0.90                     -71.222275       48.282672       -3.447275      -26.674641       -6.778800      -59.840320
016_Li-2Water_0.95                     -65.688791       33.113480       -2.701816      -23.777749       -5.372467      -64.427342
016_Li-2Water_1.00                     -60.650359       22.752629       -2.116133      -21.429565       -4.241969      -65.685397
016_Li-2Water_1.05                     -56.079828       15.659058       -1.665679      -19.412954       -3.349498      -64.848877
016_Li-2Water_1.10                     -51.940750       10.790010       -1.308795      -17.629995       -2.643977      -62.733533
016_Li-2Water_1.20                     -44.795817        5.126291       -0.810970      -14.467376       -1.701052      -56.648924
016_Li-2Water_1.30                     -38.930951        2.436090       -0.504852      -11.700024       -1.196104      -49.895817
016_Li-2Water_1.40                     -34.098279        1.163337       -0.315392       -9.326649       -0.923231      -43.500215
016_Li-2Water_1.50                     -30.084919        0.561640       -0.192878       -7.377796       -0.742471      -37.836448
016_Li-2Water_2.00                     -17.592949        0.021367       -0.021295       -2.437715       -0.192376      -20.222945
017_Na-2Water_0.90                     -61.895770       40.425980       -3.758031      -14.134011       -1.850335      -41.212141
017_Na-2Water_0.95                     -54.050598       25.601362       -2.913145      -13.027557       -1.306692      -45.696630
017_Na-2Water_1.00                     -47.930688       16.238289       -2.265870      -11.952677       -0.940057      -46.851004
017_Na-2Water_1.05                     -43.022323       10.309943       -1.772251      -10.876506       -0.698901      -46.060038
017_Na-2Water_1.10                     -38.992017        6.553059       -1.385134       -9.821941       -0.554207      -44.200239
017_Na-2Water_1.20                     -32.728944        2.660182       -0.860994       -7.812954       -0.433939      -39.176649
017_Na-2Water_1.30                     -28.033580        1.090966       -0.543284       -6.085301       -0.393260      -33.964484
017_Na-2Water_1.40                     -24.348207        0.455951       -0.348064       -4.695650       -0.351577      -29.287524
017_Na-2Water_1.50                     -21.367591        0.196821       -0.226004       -3.624833       -0.294479      -25.316085
017_Na-2Water_2.00                     -12.341013        0.005115       -0.035229       -1.151076       -0.054183      -13.576386
018_K-2Water_0.90                      -59.346534       60.369312       -6.833819      -10.449235       -4.538886      -20.799140
018_K-2Water_0.95                      -49.030282       37.217925       -5.138576       -9.174068       -2.922753      -29.047753
018_K-2Water_1.00                      -41.730760       22.926697       -3.884775       -8.106668       -1.966683      -32.762165
018_K-2Water_1.05                      -36.388265       14.121558       -2.953059       -7.180927       -1.379637      -33.780330
018_K-2Water_1.10                      -32.329828        8.701697       -2.251052       -6.351147       -1.019718      -33.250024
018_K-2Water_1.20                      -26.533795        3.319622       -1.337835       -4.922538       -0.615535      -30.090081
018_K-2Water_1.30                      -22.494479        1.282553       -0.826840       -3.778179       -0.405784      -26.222729
018_K-2Water_1.40                      -19.437261        0.505473       -0.529230       -2.892065       -0.280593      -22.633700
018_K-2Water_1.50                      -17.007242        0.203872       -0.350908       -2.224809       -0.198805      -19.577892
018_K-2Water_2.00                       -9.764412        0.002079       -0.057935       -0.706190       -0.039627      -10.566085
019_F-2Water_0.90                      -90.869097      103.459847       -6.864269      -30.910946      -24.738313      -49.922777
019_F-2Water_0.95                      -82.393547       85.779254       -6.113623      -27.589173      -21.325884      -51.642973
019_F-2Water_1.00                      -74.594049       70.555139       -5.434106      -24.595459      -18.239986      -52.308461
019_F-2Water_1.05                      -67.487333       57.630115       -4.823351      -21.916444      -15.509011      -52.106047
019_F-2Water_1.10                      -61.062094       46.792543       -4.277462      -19.531859      -13.134823      -51.213671
019_F-2Water_1.20                      -50.117113       30.415798       -3.365440      -15.541826       -9.377677      -47.986233
019_F-2Water_1.30                      -41.387165       19.511974       -2.653800      -12.420148       -6.722729      -43.671893
019_F-2Water_1.40                      -34.454589       12.423399       -2.097490       -9.980760       -4.879947      -38.989388
019_F-2Water_1.50                      -28.940249        7.884919       -1.659441       -8.071200       -3.596654      -34.382600
019_F-2Water_2.00                      -13.723853        0.817830       -0.513886       -3.073160       -0.845292      -17.338337
020_Cl-2Water_0.90                     -51.555497       59.740249       -8.103872      -10.745531      -14.912333      -25.576984
020_Cl-2Water_0.95                     -44.119049       43.134011       -6.809656       -9.129374      -11.458580      -28.382624
020_Cl-2Water_1.00                     -38.105617       30.991348       -5.719909       -7.889054       -8.746343      -29.469575
020_Cl-2Water_1.05                     -33.217973       22.192543       -4.803394       -6.895124       -6.661711      -29.385660
020_Cl-2Water_1.10                     -29.215774       15.862404       -4.029995       -6.066300       -5.085516      -28.535206
020_Cl-2Water_1.20                     -23.151960        8.105593       -2.826816       -4.732290       -3.030880      -25.636329
020_Cl-2Water_1.30                     -18.855139        4.181381       -1.969288       -3.694814       -1.889555      -22.227438
020_Cl-2Water_1.40                     -15.693595        2.198303       -1.367447       -2.877055       -1.231979      -18.971821
020_Cl-2Water_1.50                     -13.286233        1.184417       -0.947060       -2.239675       -0.824904      -16.113480
020_Cl-2Water_2.00                      -6.758604        0.067686       -0.191946       -0.692232       -0.097204       -7.672275
021_Br-2Water_0.90                     -48.070339       59.914340       -8.626315       -9.685636      -13.983580      -20.451530
021_Br-2Water_0.95                     -40.705402       42.723351       -7.219264       -8.016539      -10.771511      -23.989364
021_Br-2Water_1.00                     -34.846176       30.325024       -6.040416       -6.790511       -8.254637      -25.606716
021_Br-2Water_1.05                     -30.156788       21.452844       -5.041324       -5.859632       -6.303657      -25.908556
021_Br-2Water_1.10                     -26.372347       15.143714       -4.208270       -5.122992       -4.806788      -25.366683
021_Br-2Water_1.20                     -20.744025        7.532433       -2.909154       -3.995746       -2.812739      -22.929230
021_Br-2Water_1.30                     -16.833556        3.767232       -1.994814       -3.138074       -1.690583      -19.889771
021_Br-2Water_1.40                     -13.992017        1.913121       -1.366324       -2.454637       -1.057266      -16.957075
021_Br-2Water_1.50                     -11.844097        0.995053       -0.935970       -1.909250       -0.686496      -14.380784
021_Br-2Water_2.00                      -6.054374        0.053991       -0.175406       -0.571534       -0.089747       -6.837070
022_Li-3Water                          -81.818858       26.981214       -2.548327      -29.920889       -4.917949      -92.224833
023_Li-4Water                          -98.002988       28.524163       -2.727844      -36.386950       -5.008270     -113.601888
024_Li-5Water                         -108.482624       28.855951       -2.750717      -37.837118       -4.868762     -125.083270
025_Li-6Water                         -112.976625       17.494097       -2.223088      -39.680617       -3.802892     -141.189125
026_Na-3Water                          -69.442424       24.657266       -3.359775      -17.484011       -1.303346      -66.932266
027_Na-4Water                          -88.869240       33.206788       -4.388576      -22.658795       -1.581358      -84.291181
028_Na-5Water                          -84.655641       24.821893       -4.100741      -24.213528       -1.251410      -89.399450
029_Na-6Water                          -87.074976       23.321152       -4.302462      -26.539890       -1.211855      -95.808007
030_K-3Water                           -58.568595       30.036687       -5.383485      -11.752151       -2.509847      -48.177390
031_K-4Water                           -74.507529       37.534011       -6.908843      -15.200239       -2.977749      -62.060325
032_K-5Water                           -66.676960       33.660564       -7.248470      -16.829422       -2.733413      -59.827701
033_K-6Water                           -95.690535       39.420459       -8.555688      -19.870076       -3.048901      -87.744718
034_F-3Water                           -98.133676       82.890129       -7.246009      -28.739364      -18.864125      -70.093045
035_F-4Water                          -108.213384       80.096176       -6.753585      -32.129159      -15.829756      -82.829732
036_F-5Water                          -127.883437       89.593427       -7.913934      -35.643332      -16.079302      -97.926577
037_F-6Water                          -139.136592       89.557457       -8.349689      -36.596176      -14.676912     -109.201888
038_Cl-3Water                          -54.837596       42.771534       -8.514818       -9.459178      -11.461090      -41.501147
039_Cl-4Water                          -66.058007       46.630880       -9.482409      -13.395937      -10.828250      -53.133724
040_Cl-5Water                          -78.926028       53.682290      -11.303681      -15.881381      -11.878083      -64.306883
041_Cl-6Water                          -83.357672       54.143666      -11.796463      -15.892089      -11.650669      -68.553250
042_Br-3Water                          -50.220053       42.325693       -9.033341       -7.703346      -11.330354      -35.961424
043_Br-4Water                          -62.564125       48.327533      -10.691515      -10.616324      -11.105736      -46.650167
044_Br-5Water                          -74.822180       57.106238      -12.852079      -12.581286      -12.837213      -55.986520
045_Br-6Water                          -81.043332       61.180163      -13.823088      -13.545602      -13.812165      -61.044001
046_Li-Water_Deg00_-60                  -9.435134       10.891181       -1.113241      -11.486998       -3.351171      -14.495387
046_Li-Water_Deg00_-45                 -19.582696       11.251458       -1.091467      -11.027581       -3.236855      -23.687141
046_Li-Water_Deg00_-30                 -26.848160       12.305091       -1.140440      -10.820411       -3.285253      -29.789149
046_Li-Water_Deg00_-15                 -31.288791       13.142304       -1.193260      -10.711090       -3.336640      -33.387452
046_Li-Water_Deg00_+00                 -32.788815       13.444407       -1.214221      -10.672443       -3.353681      -34.584775
046_Li-Water_Deg00_+15                 -31.288791       13.142304       -1.193260      -10.711090       -3.336640      -33.387452
046_Li-Water_Deg00_+30                 -26.848160       12.305091       -1.140440      -10.820411       -3.285253      -29.789149
046_Li-Water_Deg00_+45                 -19.582696       11.251458       -1.091467      -11.027581       -3.236855      -23.687141
046_Li-Water_Deg00_+60                  -9.435134       10.891181       -1.113241      -11.486998       -3.351171      -14.495387
047_Na-Water_Deg00_-60                  -9.270554        9.724546       -1.344909       -6.900430       -0.818332       -8.609680
047_Na-Water_Deg00_-45                 -16.847371        9.803776       -1.300335       -6.689006       -0.731955      -15.764890
047_Na-Water_Deg00_-30                 -22.385612       10.538337       -1.324880       -6.621200       -0.696941      -20.490296
047_Na-Water_Deg00_-15                 -25.765344       11.154804       -1.363193       -6.592447       -0.682648      -23.248829
047_Na-Water_Deg00_+00                 -26.902199       11.380306       -1.379756       -6.581740       -0.678633      -24.162022
047_Na-Water_Deg00_+15                 -25.765344       11.154804       -1.363193       -6.592495       -0.682600      -23.248829
047_Na-Water_Deg00_+30                 -22.385612       10.538337       -1.324880       -6.621152       -0.696965      -20.490296
047_Na-Water_Deg00_+45                 -16.847371        9.803776       -1.300335       -6.689149       -0.731812      -15.764890
047_Na-Water_Deg00_+60                  -9.270554        9.724546       -1.344909       -6.900430       -0.818308       -8.609680
048_K-Water_Deg00_-60                   -9.220531       13.127271       -2.299068       -4.862189       -1.540894       -4.795387
048_K-Water_Deg00_-45                  -15.043045       12.878346       -2.179852       -4.695889       -1.389866      -10.430282
048_K-Water_Deg00_-30                  -19.404637       13.564221       -2.172323       -4.637906       -1.376482      -14.027103
048_K-Water_Deg00_-15                  -22.086520       14.234680       -2.205927       -4.621750       -1.386592      -16.066109
048_K-Water_Deg00_+00                  -22.989818       14.492424       -2.223948       -4.618834       -1.392280      -16.732457
048_K-Water_Deg00_+15                  -22.086520       14.234680       -2.205927       -4.621750       -1.386592      -16.066109
048_K-Water_Deg00_+30                  -19.404637       13.564221       -2.172323       -4.637906       -1.376482      -14.027103
048_K-Water_Deg00_+45                  -15.043045       12.878346       -2.179852       -4.695889       -1.389866      -10.430282
048_K-Water_Deg00_+60                   -9.220531       13.127271       -2.299068       -4.862189       -1.540894       -4.795387
049_F-Water_Deg00_-60                   -6.577533       16.468905       -2.143141       -5.128633       -2.512046        0.107576
049_F-Water_Deg00_-45                  -16.862906       22.432529       -2.522395       -7.007409       -4.913002       -8.873184
049_F-Water_Deg00_-30                  -29.513910       33.079326       -3.020650      -10.615368       -9.385086      -19.455688
049_F-Water_Deg00_-15                  -41.277127       45.891635       -3.469622      -15.091539      -14.591348      -28.538002
049_F-Water_Deg00_+00                  -47.167447       52.193451       -3.655163      -16.979517      -16.455521      -32.064197
049_F-Water_Deg00_+15                  -44.992424       46.666324       -3.533987      -14.188695      -12.990798      -29.039603
049_F-Water_Deg00_+30                  -38.227533       36.126840       -3.252653       -9.858724       -7.535516      -22.747610
049_F-Water_Deg00_+45                  -33.083126       29.312763       -3.011831       -7.267376       -4.157433      -18.207003
049_F-Water_Deg00_+60                  -32.794670       29.035540       -2.921797       -7.181190       -4.054708      -17.916778
050_Cl-Water_Deg00_-60                  -3.834512        8.238337       -2.403920       -2.061305       -1.398207       -1.459632
050_Cl-Water_Deg00_-45                  -9.057290       10.635325       -2.666157       -2.586998       -2.536257       -6.211353
050_Cl-Water_Deg00_-30                 -14.282863       13.920005       -2.920053       -3.313026       -4.168953      -10.764866
050_Cl-Water_Deg00_-15                 -18.368571       16.828250       -3.091898       -3.925239       -5.497921      -14.055354
050_Cl-Water_Deg00_+00                 -20.387452       17.641611       -3.150669       -3.984632       -5.505210      -15.386353
050_Cl-Water_Deg00_+15                 -20.323088       16.121415       -3.126936       -3.469575       -4.182075      -14.980258
050_Cl-Water_Deg00_+30                 -19.254087       13.958317       -3.078394       -2.863360       -2.645961      -13.883485
050_Cl-Water_Deg00_+45                 -18.607027       12.956573       -3.039794       -2.598709       -1.986401      -13.275359
050_Cl-Water_Deg00_+60                 -18.968045       13.703250       -3.030664       -2.798996       -2.523877      -13.618356
051_Br-Water_Deg00_-60                  -3.617567        8.127868       -2.540153       -1.719646       -1.365488       -1.114986
051_Br-Water_Deg00_-45                  -8.212476       10.343021       -2.795698       -2.143451       -2.418164       -5.226793
051_Br-Water_Deg00_-30                 -12.755975       13.309489       -3.033293       -2.741778       -3.861902       -9.083461
051_Br-Water_Deg00_-15                 -16.341611       15.910779       -3.194168       -3.258293       -4.987476      -11.870746
051_Br-Water_Deg00_+00                 -18.268499       16.685636       -3.253537       -3.307505       -4.988767      -13.132672
051_Br-Water_Deg00_+15                 -18.504589       15.424546       -3.246439       -2.872443       -3.869646      -13.068571
051_Br-Water_Deg00_+30                 -17.837165       13.559369       -3.215272       -2.373853       -2.535946      -12.402892
051_Br-Water_Deg00_+45                 -17.372156       12.677940       -3.187811       -2.161018       -1.947156      -11.990177
051_Br-Water_Deg00_+60                 -17.590894       13.331836       -3.173709       -2.324976       -2.420124      -12.177892
052_Li-Water_Deg15_-60                 -10.715320       11.439842       -1.140010      -11.418284       -3.356668      -15.190440
052_Li-Water_Deg15_-45                 -20.279828       11.742902       -1.118810      -10.995483       -3.249928      -23.901123
052_Li-Water_Deg15_-30                 -27.184345       12.699211       -1.162906      -10.811640       -3.280378      -29.740081
052_Li-Water_Deg15_-15                 -31.417471       13.472156       -1.211377      -10.716037       -3.320793      -33.193499
052_Li-Water_Deg15_+00                 -32.848948       13.753227       -1.230736      -10.682146       -3.335062      -34.343666
052_Li-Water_Deg15_+15                 -31.417471       13.472156       -1.211377      -10.716037       -3.320793      -33.193499
052_Li-Water_Deg15_+30                 -27.184345       12.699211       -1.162906      -10.811640       -3.280378      -29.740081
052_Li-Water_Deg15_+45                 -20.279828       11.742902       -1.118810      -10.995483       -3.249928      -23.901123
052_Li-Water_Deg15_+60                 -10.715320       11.439842       -1.140010      -11.418284       -3.356668      -15.190440
053_Na-Water_Deg15_-60                 -10.201697       10.174570       -1.367400       -6.865989       -0.797443       -9.057935
053_Na-Water_Deg15_-45                 -17.353967       10.216467       -1.324713       -6.671965       -0.718881      -15.853059
053_Na-Water_Deg15_-30                 -22.618881       10.874689       -1.345602       -6.609393       -0.683652      -20.382863
053_Na-Water_Deg15_-15                 -25.843260       11.439675       -1.380139       -6.583102       -0.667734      -23.034560
053_Na-Water_Deg15_+00                 -26.929446       11.648184       -1.395244       -6.573470       -0.662787      -23.912787
053_Na-Water_Deg15_+15                 -25.843260       11.439675       -1.380139       -6.583007       -0.667830      -23.034560
053_Na-Water_Deg15_+30                 -22.618881       10.874689       -1.345602       -6.609393       -0.683652      -20.382863
053_Na-Water_Deg15_+45                 -17.353967       10.216467       -1.324713       -6.671941       -0.718881      -15.853059
053_Na-Water_Deg15_+60                 -10.201697       10.174570       -1.367400       -6.866181       -0.797251       -9.057935
054_K-Water_Deg15_-60                   -9.935851       13.621343       -2.318260       -4.836114       -1.538934       -5.007815
054_K-Water_Deg15_-45                  -15.437118       13.349235       -2.205497       -4.681955       -1.400741      -10.376076
054_K-Water_Deg15_-30                  -19.582744       13.951052       -2.195220       -4.628561       -1.383461      -13.838934
054_K-Water_Deg15_-15                  -22.141013       14.558580       -2.224068       -4.613767       -1.387763      -15.808031
054_K-Water_Deg15_+00                  -23.004135       14.794479       -2.240033       -4.611114       -1.390918      -16.451721
054_K-Water_Deg15_+15                  -22.141013       14.558580       -2.224068       -4.613767       -1.387763      -15.808031
054_K-Water_Deg15_+30                  -19.582744       13.951052       -2.195220       -4.628561       -1.383461      -13.838934
054_K-Water_Deg15_+45                  -15.437118       13.349235       -2.205497       -4.681955       -1.400741      -10.376076
054_K-Water_Deg15_+60                   -9.935851       13.621343       -2.318260       -4.836114       -1.538934       -5.007815
055_F-Water_Deg15_-60                   -5.915296       16.464484       -2.150000       -5.094670       -2.357839        0.946678
055_F-Water_Deg15_-45                  -15.397323       21.754661       -2.494503       -6.724379       -4.434512       -7.296056
055_F-Water_Deg15_-30                  -26.815535       30.819455       -2.938408       -9.722395       -8.147921      -16.804852
055_F-Water_Deg15_-15                  -37.316085       41.342376       -3.335373      -13.272968      -12.331883      -24.913958
055_F-Water_Deg15_+00                  -42.654493       46.493356       -3.504924      -14.721797      -13.794455      -28.182314
055_F-Water_Deg15_+15                  -41.012906       42.268858       -3.404637      -12.577486      -11.012691      -25.738862
055_F-Water_Deg15_+30                  -35.414794       33.839914       -3.163337       -9.132361       -6.601840      -20.472419
055_F-Water_Deg15_+45                  -31.086233       28.210755       -2.951936       -6.996941       -3.805880      -16.630234
055_F-Water_Deg15_+60                  -30.794670       27.916324       -2.869288       -6.908652       -3.691300      -16.347586
056_Cl-Water_Deg15_-60                  -3.444025        8.213432       -2.400430       -2.042232       -1.306812       -0.980043
056_Cl-Water_Deg15_-45                  -8.343356       10.361568       -2.642328       -2.504828       -2.294885       -5.423829
056_Cl-Water_Deg15_-30                 -13.214866       13.233054       -2.876506       -3.125789       -3.674928       -9.659034
056_Cl-Water_Deg15_-15                 -17.034847       15.739579       -3.035755       -3.635253       -4.780927      -12.747204
056_Cl-Water_Deg15_+00                 -18.977510       16.470459       -3.093499       -3.684178       -4.786520      -14.071224
056_Cl-Water_Deg15_+15                 -19.039436       15.240655       -3.076816       -3.260684       -3.686329      -13.822610
056_Cl-Water_Deg15_+30                 -18.178585       13.441491       -3.033078       -2.752725       -2.401577      -12.924498
056_Cl-Water_Deg15_+45                 -17.633628       12.593021       -2.998518       -2.526458       -1.844097      -12.409680
056_Cl-Water_Deg15_+60                 -17.912213       13.207672       -2.988456       -2.694885       -2.291205      -12.679063
057_Br-Water_Deg15_-60                  -3.298255        8.108317       -2.533819       -1.703513       -1.280210       -0.707481
057_Br-Water_Deg15_-45                  -7.626099       10.101386       -2.770363       -2.074426       -2.199140       -4.568642
057_Br-Water_Deg15_-30                 -11.886974       12.709799       -2.991157       -2.581740       -3.429159       -8.179230
057_Br-Water_Deg15_-15                 -15.261831       14.967663       -3.145387       -3.006501       -4.380258      -10.826291
057_Br-Water_Deg15_+00                 -17.116061       15.667328       -3.204971       -3.046845       -4.384847      -12.085421
057_Br-Water_Deg15_+15                 -17.428967       14.645292       -3.196534       -2.693690       -3.441683      -12.115583
057_Br-Water_Deg15_+30                 -16.908700       13.088313       -3.169861       -2.280258       -2.313934      -11.584417
057_Br-Water_Deg15_+45                 -16.519933       12.339675       -3.145005       -2.100120       -1.811926      -11.237309
057_Br-Water_Deg15_+60                 -16.679637       12.880186       -3.131214       -2.236305       -2.209489      -11.376458
058_Li-Water_Deg30_-60                 -14.121534       12.940798       -1.212070      -11.217352       -3.395698      -17.005832
058_Li-Water_Deg30_-45                 -22.108772       13.103298       -1.192710      -10.893164       -3.304828      -24.396152
058_Li-Water_Deg30_-30                 -28.003752       13.802653       -1.224092      -10.763002       -3.298972      -29.487165
058_Li-Water_Deg30_-15                 -31.649546       14.399092       -1.260875      -10.699809       -3.314364      -32.525502
058_Li-Water_Deg30_+00                 -32.886162       14.621056       -1.275908      -10.677725       -3.321558      -33.540296
058_Li-Water_Deg30_+15                 -31.649546       14.399092       -1.260875      -10.699809       -3.314364      -32.525502
058_Li-Water_Deg30_+30                 -28.003752       13.802653       -1.224092      -10.763002       -3.298972      -29.487165
058_Li-Water_Deg30_+45                 -22.108772       13.103298       -1.192710      -10.893164       -3.304828      -24.396152
058_Li-Water_Deg30_+60                 -14.121534       12.940798       -1.212070      -11.217352       -3.395698      -17.005832
059_Na-Water_Deg30_-60                 -12.689986       11.410636       -1.428466       -6.769551       -0.752486      -10.229828
059_Na-Water_Deg30_-45                 -18.687046       11.363360       -1.390201       -6.621821       -0.692328      -16.028059
059_Na-Water_Deg30_-30                 -23.186114       11.821415       -1.401912       -6.573638       -0.657576      -19.997825
059_Na-Water_Deg30_-15                 -25.968977       12.245698       -1.426458       -6.554183       -0.638934      -22.342830
059_Na-Water_Deg30_+00                 -26.910445       12.406788       -1.437667       -6.547275       -0.632815      -23.121415
059_Na-Water_Deg30_+15                 -25.968977       12.245698       -1.426458       -6.554159       -0.638958      -22.342830
059_Na-Water_Deg30_+30                 -23.186114       11.821415       -1.401912       -6.573614       -0.657600      -19.997825
059_Na-Water_Deg30_+45                 -18.687046       11.363360       -1.390201       -6.621726       -0.692424      -16.028059
059_Na-Water_Deg30_+60                 -12.689986       11.410636       -1.428466       -6.769646       -0.752390      -10.229828
060_K-Water_Deg30_-60                  -11.850884       14.973972       -2.368141       -4.761807       -1.545793       -5.552677
060_K-Water_Deg30_-45                  -16.475335       14.652175       -2.272490       -4.642495       -1.437811      -10.175956
060_K-Water_Deg30_-30                  -20.015870       15.036042       -2.255903       -4.600908       -1.412046      -13.248662
060_K-Water_Deg30_-15                  -22.222514       15.473781       -2.272538       -4.589818       -1.404446      -15.015511
060_K-Water_Deg30_+00                  -22.970578       15.649689       -2.283054       -4.587978       -1.402533      -15.594455
060_K-Water_Deg30_+15                  -22.222514       15.473781       -2.272538       -4.589818       -1.404446      -15.015511
060_K-Water_Deg30_+30                  -20.015870       15.036042       -2.255903       -4.600908       -1.412046      -13.248662
060_K-Water_Deg30_+45                  -16.475335       14.652175       -2.272490       -4.642495       -1.437811      -10.175956
060_K-Water_Deg30_+60                  -11.850884       14.973972       -2.368141       -4.761807       -1.545793       -5.552677
061_F-Water_Deg30_-60                   -4.184034       16.485779       -2.168141       -5.017208       -1.969312        3.147108
061_F-Water_Deg30_-45                  -11.651004       20.215296       -2.426171       -6.087452       -3.320483       -3.269861
061_F-Water_Deg30_-30                  -20.134656       25.948829       -2.743547       -7.846009       -5.482194      -10.257553
061_F-Water_Deg30_-15                  -27.693164       32.044144       -3.018380       -9.716085       -7.696343      -16.079828
061_F-Water_Deg30_+00                  -31.760636       35.043881       -3.144025      -10.428035       -8.407337      -18.696128
061_F-Water_Deg30_+15                  -31.349092       33.141850       -3.092615       -9.379039       -6.947012      -17.625932
061_F-Water_Deg30_+30                  -28.329398       28.746248       -2.942089       -7.573375       -4.572012      -14.670626
061_F-Water_Deg30_+45                  -25.805473       25.544598       -2.799259       -6.362046       -2.968499      -12.390655
061_F-Water_Deg30_+60                  -25.515583       25.240105       -2.734441       -6.280163       -2.845746      -12.135827
062_Cl-Water_Deg30_-60                  -2.409058        8.159751       -2.388456       -1.994957       -1.078752        0.288504
062_Cl-Water_Deg30_-45                  -6.454900        9.714866       -2.578967       -2.309250       -1.728872       -3.357098
062_Cl-Water_Deg30_-30                 -10.408676       11.658652       -2.761783       -2.703083       -2.569814       -6.784704
062_Cl-Water_Deg30_-15                 -13.538552       13.298375       -2.890559       -3.005903       -3.210660       -9.347251
062_Cl-Water_Deg30_+00                 -15.278011       13.844861       -2.944455       -3.034441       -3.210923      -10.622968
062_Cl-Water_Deg30_+15                 -15.639723       13.212691       -2.939723       -2.790703       -2.579685      -10.737165
062_Cl-Water_Deg30_+30                 -15.267304       12.186950       -2.911448       -2.487094       -1.829947      -10.308843
062_Cl-Water_Deg30_+45                 -14.961305       11.674020       -2.885899       -2.346224       -1.494073      -10.013480
062_Cl-Water_Deg30_+60                 -15.050502       12.006334       -2.875621       -2.445483       -1.748494      -10.113767
063_Br-Water_Deg30_-60                  -2.450048        8.066133       -2.516420       -1.661759       -1.067065        0.370841
063_Br-Water_Deg30_-45                  -6.062859        9.524594       -2.710373       -1.911735       -1.681692       -2.842089
063_Br-Water_Deg30_-30                  -9.574761       11.318380       -2.887428       -2.227032       -2.452127       -5.822992
063_Br-Water_Deg30_-15                 -12.386424       12.824331       -3.007768       -2.471821       -3.025669       -8.067328
063_Br-Water_Deg30_+00                 -14.044718       13.353513       -3.063958       -2.494909       -3.027103       -9.277175
063_Br-Water_Deg30_+15                 -14.545076       12.829254       -3.070100       -2.298614       -2.465368       -9.549904
063_Br-Water_Deg30_+30                 -14.375693       11.934154       -3.048805       -2.057433       -1.787022       -9.334823
063_Br-Water_Deg30_+45                 -14.167304       11.478728       -3.026721       -1.946534       -1.477414       -9.139269
063_Br-Water_Deg30_+60                 -14.190272       11.774307       -3.017304       -2.025645       -1.710660       -9.169575
064_Li-Water_Deg45_-60                 -18.503991       14.997156       -1.306931      -10.940989       -3.492447      -19.247180
064_Li-Water_Deg45_-45                 -24.339914       15.007385       -1.291300      -10.738002       -3.420029      -24.781859
064_Li-Water_Deg45_-30                 -28.774331       15.382194       -1.307194      -10.659393       -3.389412      -28.748112
064_Li-Water_Deg45_-15                 -31.551673       15.737859       -1.328585      -10.626745       -3.381907      -31.151052
064_Li-Water_Deg45_+00                 -32.498207       15.875908       -1.337715      -10.616444       -3.381310      -31.957768
064_Li-Water_Deg45_+15                 -31.551673       15.737859       -1.328585      -10.626745       -3.381907      -31.151052
064_Li-Water_Deg45_+30                 -28.774331       15.382194       -1.307194      -10.659393       -3.389412      -28.748112
064_Li-Water_Deg45_+45                 -24.339914       15.007385       -1.291300      -10.738002       -3.420029      -24.781859
064_Li-Water_Deg45_+60                 -18.503991       14.997156       -1.306931      -10.940989       -3.492447      -19.247180
065_Na-Water_Deg45_-60                 -15.914986       13.118141       -1.507194       -6.640129       -0.713647      -11.657839
065_Na-Water_Deg45_-45                 -20.320626       12.983150       -1.476984       -6.550120       -0.672945      -16.037548
065_Na-Water_Deg45_-30                 -23.708652       13.192997       -1.478346       -6.519336       -0.642973      -19.156310
065_Na-Water_Deg45_-15                 -25.834130       13.427988       -1.490201       -6.508222       -0.624570      -21.029135
065_Na-Water_Deg45_+00                 -26.557815       13.522562       -1.496152       -6.504661       -0.618499      -21.654565
065_Na-Water_Deg45_+15                 -25.834130       13.427988       -1.490201       -6.508078       -0.624713      -21.029135
065_Na-Water_Deg45_+30                 -23.708652       13.192997       -1.478346       -6.519336       -0.642973      -19.156310
065_Na-Water_Deg45_+45                 -20.320626       12.983150       -1.476984       -6.550096       -0.672968      -16.037548
065_Na-Water_Deg45_+60                 -15.914986       13.118141       -1.507194       -6.640153       -0.713647      -11.657839
066_K-Water_Deg45_-60                  -14.339508       16.830545       -2.426912       -4.662667       -1.572706       -6.171272
066_K-Water_Deg45_-45                  -17.749259       16.479087       -2.356142       -4.587596       -1.497538       -9.711424
066_K-Water_Deg45_-30                  -20.412476       16.600693       -2.334034       -4.560277       -1.466754      -12.172849
066_K-Water_Deg45_-15                  -22.095100       16.816515       -2.336377       -4.553298       -1.451267      -13.619503
066_K-Water_Deg45_+00                  -22.669455       16.910994       -2.340057       -4.552366       -1.446080      -14.096965
066_K-Water_Deg45_+15                  -22.095100       16.816515       -2.336377       -4.553298       -1.451267      -13.619503
066_K-Water_Deg45_+30                  -20.412476       16.600693       -2.334034       -4.560277       -1.466754      -12.172849
066_K-Water_Deg45_+45                  -17.749259       16.479087       -2.356142       -4.587596       -1.497538       -9.711424
066_K-Water_Deg45_+60                  -14.339508       16.830545       -2.426912       -4.662667       -1.572706       -6.171272
067_F-Water_Deg45_-60                   -2.026793       16.584728       -2.189149       -4.940057       -1.509728        5.918977
067_F-Water_Deg45_-45                   -7.103011       18.717328       -2.347610       -5.473590       -2.175024        1.618093
067_F-Water_Deg45_-30                  -12.461209       21.556859       -2.529732       -6.229326       -3.082815       -2.746248
067_F-Water_Deg45_-15                  -17.086281       24.292089       -2.684106       -6.936114       -3.897180       -6.311568
067_F-Water_Deg45_+00                  -19.888121       25.722467       -2.761496       -7.189364       -4.124355       -8.240870
067_F-Water_Deg45_+15                  -20.516037       25.311424       -2.749976       -6.834751       -3.595746       -8.385086
067_F-Water_Deg45_+30                  -19.742304       23.823160       -2.682481       -6.181429       -2.712715       -7.495746
067_F-Water_Deg45_+45                  -18.839054       22.571534       -2.610731       -5.700335       -2.066539       -6.645148
067_F-Water_Deg45_+60                  -18.580856       22.315464       -2.568475       -5.643403       -1.969814       -6.447108
068_Cl-Water_Deg45_-60                  -1.084967        8.116228       -2.367925       -1.937524       -0.812739        1.913074
068_Cl-Water_Deg45_-45                  -4.022132        9.036281       -2.496104       -2.099689       -1.139555       -0.721200
068_Cl-Water_Deg45_-30                  -6.835779       10.087094       -2.615344       -2.285540       -1.513910       -3.163456
068_Cl-Water_Deg45_-15                  -9.113217       10.947108       -2.704565       -2.417782       -1.778035       -5.066515
068_Cl-Water_Deg45_+00                 -10.560994       11.309417       -2.749379       -2.430210       -1.780760       -6.211902
068_Cl-Water_Deg45_+15                 -11.182290       11.151410       -2.757003       -2.329350       -1.536257       -6.653466
068_Cl-Water_Deg45_+30                 -11.274522       10.779087       -2.746534       -2.199474       -1.237548       -6.678991
068_Cl-Water_Deg45_+45                 -11.202533       10.565679       -2.730856       -2.135755       -1.095889       -6.599331
068_Cl-Water_Deg45_+60                 -11.119073       10.661496       -2.721702       -2.176195       -1.189054       -6.544503
069_Br-Water_Deg45_-60                  -1.363074        8.032098       -2.497729       -1.610134       -0.816563        1.744622
069_Br-Water_Deg45_-45                  -4.023351        8.907600       -2.622395       -1.737811       -1.131477       -0.607409
069_Br-Water_Deg45_-30                  -6.570889        9.898112       -2.745937       -1.883843       -1.486902       -2.789460
069_Br-Water_Deg45_-15                  -8.655856       10.708843       -2.829732       -1.988050       -1.734297       -4.499092
069_Br-Water_Deg45_+00                 -10.030808       11.064006       -2.877366       -1.997610       -1.737118       -5.578896
069_Br-Water_Deg45_+15                 -10.687380       10.942447       -2.892567       -1.918332       -1.509011       -6.064842
069_Br-Water_Deg45_+30                 -10.855306       10.617328       -2.882911       -1.817065       -1.227462       -6.165440
069_Br-Water_Deg45_+45                 -10.825454       10.427701       -2.873112       -1.767424       -1.092782       -6.131071
069_Br-Water_Deg45_+60                 -10.723733       10.514101       -2.861114       -1.798829       -1.182648       -6.052199
070_Li-Water_Deg60_-60                 -22.358700       17.062882       -1.397228      -10.698924       -3.612022      -21.003967
070_Li-Water_Deg60_-45                 -25.935923       16.977318       -1.386520      -10.597825       -3.563193      -24.506142
070_Li-Water_Deg60_-30                 -28.726434       17.075215       -1.389747      -10.552271       -3.531907      -27.125143
070_Li-Water_Deg60_-15                 -30.497586       17.201195       -1.396941      -10.534202       -3.516109      -28.743619
070_Li-Water_Deg60_+00                 -31.104517       17.254493       -1.400287      -10.529350       -3.511544      -29.291181
070_Li-Water_Deg60_+15                 -30.497586       17.201195       -1.396941      -10.534202       -3.516109      -28.743619
070_Li-Water_Deg60_+30                 -28.726434       17.075215       -1.389747      -10.552271       -3.531907      -27.125143
070_Li-Water_Deg60_+45                 -25.935923       16.977318       -1.386520      -10.597825       -3.563193      -24.506142
070_Li-Water_Deg60_+60                 -22.358700       17.062882       -1.397228      -10.698924       -3.612022      -21.003967
071_Na-Water_Deg60_-60                 -18.773518       14.859154       -1.580927       -6.522801       -0.689436      -12.707553
071_Na-Water_Deg60_-45                 -21.488982       14.689340       -1.560827       -6.482194       -0.665057      -15.507696
071_Na-Water_Deg60_-30                 -23.622753       14.697873       -1.554947       -6.465631       -0.645196      -17.590679
071_Na-Water_Deg60_-15                 -24.980449       14.758007       -1.556095       -6.460086       -0.631907      -18.870531
071_Na-Water_Deg60_+00                 -25.445937       14.787309       -1.557290       -6.458772       -0.627223      -19.301936
071_Na-Water_Deg60_+15                 -24.980449       14.758007       -1.556095       -6.460038       -0.631955      -18.870531
071_Na-Water_Deg60_+30                 -23.622753       14.697873       -1.554947       -6.465535       -0.645292      -17.590679
071_Na-Water_Deg60_+45                 -21.488982       14.689340       -1.560827       -6.482266       -0.664986      -15.507696
071_Na-Water_Deg60_+60                 -18.773518       14.859154       -1.580927       -6.522801       -0.689436      -12.707553
072_K-Water_Deg60_-60                  -16.546845       18.709919       -2.472443       -4.570841       -1.611663       -6.491874
072_K-Water_Deg60_-45                  -18.657744       18.393117       -2.429015       -4.534943       -1.564794       -8.793380
072_K-Water_Deg60_-30                  -20.332242       18.318260       -2.407194       -4.519718       -1.538002      -10.478872
072_K-Water_Deg60_-15                  -21.403537       18.340583       -2.399785       -4.514914       -1.523064      -11.500717
072_K-Water_Deg60_+00                  -21.771702       18.359680       -2.398423       -4.513982       -1.518069      -11.842519
072_K-Water_Deg60_+15                  -21.403537       18.340583       -2.399785       -4.514914       -1.523064      -11.500717
072_K-Water_Deg60_+30                  -20.332242       18.318260       -2.407194       -4.519718       -1.538002      -10.478872
072_K-Water_Deg60_+45                  -18.657744       18.393117       -2.429015       -4.534943       -1.564794       -8.793380
072_K-Water_Deg60_+60                  -16.546845       18.709919       -2.472443       -4.570841       -1.611663       -6.491874
073_F-Water_Deg60_-60                   -0.204947       16.753776       -2.204828       -4.886926       -1.121893        8.335182
073_F-Water_Deg60_-45                   -3.161472       17.749187       -2.281381       -5.079637       -1.363217        5.863504
073_F-Water_Deg60_-30                   -6.115535       18.895507       -2.364173       -5.313528       -1.636496        3.465774
073_F-Water_Deg60_-15                   -8.669575       19.927820       -2.432768       -5.508891       -1.848566        1.468021
073_F-Water_Deg60_+00                  -10.482744       20.557959       -2.472921       -5.580234       -1.901625        0.120435
073_F-Water_Deg60_+15                  -11.448136       20.674211       -2.479780       -5.505856       -1.775191       -0.534728
073_F-Water_Deg60_+30                  -11.747180       20.434369       -2.463217       -5.352366       -1.557266       -0.685660
073_F-Water_Deg60_+45                  -11.697634       20.133461       -2.437859       -5.227796       -1.380975       -0.610803
073_F-Water_Deg60_+60                  -11.511855       19.972180       -2.416300       -5.201530       -1.329947       -0.487452
074_Cl-Water_Deg60_-60                   0.082529        8.102916       -2.345746       -1.884967       -0.592041        3.362691
074_Cl-Water_Deg60_-45                  -1.751099        8.547323       -2.413767       -1.942878       -0.717686        1.721917
